1.000000,1.000000,3.000000,2.000000,0.000000,0.000000,0.000000,0.000000,0.000000,0.000000,0.000000,0.000000,0.000000,0.000000,0.000000,0.000000,0.000000;

1.000000,1.000000,7.000000,1.000000,1499.000000,0.000000,0.000000,0.000000,0.000000,0.000000,0.000000,0.000000,0.000000,0.000000,0.000000,0.000000,0.000000;

1.000000,1.000000,8.000000,1.000000,899.000000,0.000000,0.000000,0.000000,0.000000,0.000000,0.000000,0.000000,0.000000,0.000000,0.000000,0.000000,0.000000;

1.000000,1.000000,4.000000,1.000000,599.000000,0.000000,0.000000,0.000000,0.000000,0.000000,0.000000,0.000000,0.000000,0.000000,0.000000,0.000000,0.000000;

1.000000,1.000000,5.000000,1.000000,549.000000,0.000000,0.000000,0.000000,0.000000,0.000000,0.000000,0.000000,0.000000,0.000000,0.000000,0.000000,0.000000;

2.000000,1.000000,6.000000,2.000000,0.000000,1.000000,86135.000000,1.000000,7.000000,115.000000,115.000000,0.000000,0.000000,0.000000,0.000000,0.000000,0.000000;

1.000000,1.000000,6.000000,1.000000,499.000000,0.000000,0.000000,0.000000,0.000000,0.000000,0.000000,0.000000,0.000000,0.000000,0.000000,0.000000,0.000000;

1.000000,1.000000,2.000000,1.000000,399.000000,0.000000,0.000000,0.000000,0.000000,0.000000,0.000000,0.000000,0.000000,0.000000,0.000000,0.000000,0.000000;

1.000000,1.000000,1.000000,2.000000,0.000000,0.000000,0.000000,0.000000,0.000000,0.000000,0.000000,0.000000,0.000000,0.000000,0.000000,0.000000,0.000000;

1.000000,1.000000,11.000000,1.000000,239.000000,0.000000,0.000000,0.000000,0.000000,0.000000,0.000000,0.000000,0.000000,0.000000,0.000000,0.000000,0.000000;

1.000000,1.000000,9.000000,2.000000,0.000000,0.000000,0.000000,0.000000,0.000000,0.000000,0.000000,0.000000,0.000000,0.000000,0.000000,0.000000,0.000000;

2.000000,1.000000,10.000000,2.000000,0.000000,1.000000,181379.000000,1.000000,8.000000,121.000000,121.000000,0.000000,0.000000,0.000000,0.000000,0.000000,0.000000;

1.000000,1.000000,10.000000,1.000000,179.000000,0.000000,0.000000,0.000000,0.000000,0.000000,0.000000,0.000000,0.000000,0.000000,0.000000,0.000000,0.000000;
防守方   未知的   兵种id    进攻还是防守 距离  攻击    攻击力        攻击方  被攻击sid  原兵数    伤亡兵数  剩余兵数
2.000000,1.000000,12.000000,2.000000,0.000000,1.000000,36777.000000,1.000000,2.000000,123.000000,123.000000,0.000000,0.000000,0.000000,0.000000,0.000000,0.000000;

1.000000,1.000000,12.000000,1.000000,149.000000,0.000000,0.000000,0.000000,0.000000,0.000000,0.000000,0.000000,0.000000,0.000000,0.000000,0.000000,0.000000